,BbMxH
0,
1,
2,
3,
4,
5,
6,
7,
8,
9,
10,
11,
12,
13,
14,
15,
16,
17,
18,
19,
20,
21,
22,
23,
24,
25,
26,
27,
28,
29,
30,
31,
32,
33,
34,
35,
36,
37,
38,
39,
40,
41,
42,
43,
44,
45,
46,
47,
48,
49,
50,
51,
52,
53,
54,
55,
56,
57,
58,
59,
60,
61,
62,
63,
64,
65,
66,
67,
68,
69,
70,
71,
72,
73,
74,
75,
76,
77,
78,
79,
80,
81,
82,
83,
84,
85,
86,
87,
88,
89,
90,
91,
92,
93,
94,
95,
96,
97,
98,
99,
100,
101,
102,
103,
104,
105,
106,
107,
108,
109,
110,
111,
112,
113,
114,
115,
116,
117,
118,
119,
120,
121,
122,
123,
124,
125,
126,
127,
128,
129,
130,
131,
132,
133,
134,
135,
136,
137,
138,
139,
140,
141,
142,
143,
144,
145,
146,
147,
148,
149,
150,
151,
152,
153,
154,
155,
156,
157,
158,
159,
160,
161,
162,
163,
164,
165,
166,
167,
168,
169,
170,
171,
172,
173,
174,
175,
176,
177,
178,
179,
180,
181,
182,
183,
184,
185,
186,
187,
188,
189,
190,
191,
192,
193,
194,
195,
196,
197,
198,
199,
200,
201,
202,
203,
204,
205,
206,
207,
208,
209,
210,
211,
212,
213,
214,
215,
216,
217,
218,
219,
220,
221,
222,
223,
224,
225,
226,
227,
228,
229,
230,
231,
232,
233,
234,
235,
236,
237,
238,
239,
240,
241,
242,
243,
244,
245,
246,
247,
248,
249,
250,
251,
252,
253,
254,
255,
256,
257,
258,
259,
260,
261,
262,
263,
264,
265,
266,
267,
268,
269,
270,
271,
272,
273,
274,
275,
276,
277,
278,
279,
280,
281,
282,
283,
284,
285,
286,
287,
288,
289,
290,
291,
292,
293,
294,
295,
296,
297,
298,
299,
300,
301,
302,
303,
304,
305,
306,
307,
308,
309,
310,
311,
312,
313,
314,
315,
316,
317,
318,
319,
320,
321,
322,
323,
324,
325,
326,
327,
328,
329,
330,
331,
332,
333,
334,
335,
336,
337,
338,
339,
340,
341,
342,
343,
344,
345,
346,
347,
348,
349,
350,
351,
352,
353,
354,
355,
356,
357,
358,
359,
360,
361,
362,
363,
364,
365,
366,
367,
368,
369,
370,
371,
372,
373,
374,
375,
376,
377,
378,
379,
380,
381,
382,
383,
384,
385,
386,
387,
388,
389,
390,
391,
392,
393,
394,
395,
396,
397,
398,
399,
400,
401,
402,
403,
404,
405,
406,
407,
408,
409,
410,
411,
412,
413,
414,
415,
416,
417,
418,
419,
420,
421,
422,
423,
424,
425,
426,
427,
428,
429,
430,
431,
432,
433,
434,
435,
436,
437,
438,
439,
440,
441,
442,
443,
444,
445,
446,
447,
448,
449,
450,
451,
452,
453,
454,
455,
456,
457,
458,
459,
460,
461,
462,
463,
464,
465,
466,
467,
468,
469,
470,
471,
472,
473,
474,
475,
476,
477,
478,
479,
480,
481,
482,
483,
484,
485,
486,
487,
488,
489,
490,
491,
492,
493,
494,
495,
496,
497,
498,
499,
500,
501,
502,
503,
504,
505,
506,
507,
508,
509,
510,
511,
512,
513,
514,
515,
516,
517,
518,
519,
520,
521,
522,
523,
524,
525,
526,
527,
528,
529,
530,
531,
532,
533,
534,
535,
536,
537,
538,
539,
540,
541,
542,
543,
544,
545,
546,
547,
548,
549,
550,
551,
552,
553,
554,
555,
556,
557,
558,
559,
560,
561,
562,
563,
564,
565,
566,
567,
568,
569,
570,
571,
572,
573,
574,
575,
576,
577,
578,
579,
580,
581,
582,
583,
584,
585,
586,
587,
588,
589,
590,
591,
592,
593,
594,
595,
596,
597,
598,
599,
600,
601,
602,
603,
604,
605,
606,
607,
608,
609,
610,
611,
612,
613,
614,
615,
616,
617,
618,
619,
620,
621,
622,
623,
624,
625,
626,
627,
628,
629,
630,
631,
632,
633,
634,
635,
636,
637,
638,
639,
640,
641,
642,
643,
644,
645,
646,
647,
648,
649,
650,
651,
652,
653,
654,
655,
656,
657,
658,
659,
660,
661,
662,
663,
664,
665,
666,
667,
668,
669,
670,1.6
671,1.93
672,2.6
673,6.85
674,4.01
675,2.48
676,2.41
677,4.15
678,1.29
679,1.9
680,3.25
681,1.87
682,2.0
683,2.12
684,1.31
685,2.15
686,5.52
687,2.5
688,1.11
689,7.35
690,1.4
691,2.69
692,2.4
693,1.18
694,2.52
695,13.0
696,2.04
697,5.75
698,2.66
699,2.67
700,2.3
701,1.33
702,2.0
703,1.6
704,8.03
705,1.13
706,2.6
707,6.25
708,6.6
709,5.75
710,2.51
711,1.21
712,3.3
713,1.14
714,4.2
715,3.1
716,4.5
717,2.12
718,1.8
719,2.22
720,5.0
721,3.0
722,23.0
723,2.24
724,2.6
725,1.67
726,1.22
727,1.6
728,1.49
729,6.5
730,1.51
731,2.92
732,1.8
733,8.5
734,1.12
735,2.65
736,4.6
737,1.9
738,2.64
739,2.37
740,2.75
741,2.18
742,3.03
743,2.28
744,1.5
745,1.26
746,2.16
747,5.25
748,2.63
749,6.19
750,2.1
751,2.55
752,1.77
753,13.0
754,1.1
755,2.27
756,4.3
757,1.8
758,1.93
759,1.58
760,3.3
761,2.95
762,2.22
763,1.13
764,2.19
765,1.8
766,11.5
767,4.75
768,1.78
769,4.8
770,3.92
771,3.62
772,3.85
773,1.7
774,2.81
775,1.8
776,3.28
777,1.3
778,1.14
779,2.4
780,2.65
781,4.5
782,3.5
783,1.53
784,2.94
785,2.58
786,1.7
787,1.46
788,1.13
789,1.45
790,3.0
791,1.45
792,2.72
793,1.44
794,2.88
795,6.6
796,13.0
797,3.7
798,1.53
799,2.93
800,3.8
801,1.67
802,2.56
803,2.32
804,1.14
805,2.58
806,4.5
807,2.65
808,1.21
809,1.42
810,1.8
811,3.01
812,12.0
813,1.71
814,14.0
815,1.65
816,3.06
817,2.52
818,1.4
819,5.06
820,1.3
821,6.0
822,2.95
823,2.95
824,4.2
825,4.0
826,1.38
827,2.33
828,3.01
829,1.82
830,2.72
831,3.03
832,2.73
833,1.26
834,1.2
835,1.7
836,2.03
837,8.5
838,1.65
839,4.1
840,7.2
841,1.26
842,1.97
843,6.63
844,1.36
845,3.15
846,1.17
847,2.06
848,2.4
849,3.35
850,5.33
851,4.51
852,1.7
853,3.3
854,10.0
855,1.18
856,1.25
857,1.38
858,5.27
859,2.31
860,3.6
861,2.12
862,1.6
863,1.53
864,1.39
865,1.88
866,3.46
867,5.25
868,1.39
869,10.5
870,1.38
871,7.5
872,2.06
873,2.66
874,1.33
875,2.22
876,6.25
877,2.02
878,2.06
879,2.1
880,11.0
881,2.5
882,2.32
883,1.26
884,2.32
885,2.02
886,3.6
887,1.81
888,2.15
889,1.22
890,3.11
891,2.4
892,1.22
893,1.33
894,2.0
895,2.8
896,1.7
897,2.4
898,5.5
899,28.0
900,1.25
901,2.46
902,4.1
903,1.31
904,19.0
905,2.13
906,5.75
907,1.26
908,2.45
909,1.68
910,2.65
911,2.6
912,3.31
913,1.23
914,2.12
915,2.45
916,1.47
917,3.84
918,1.35
919,9.25
920,11.0
921,2.1
922,2.18
923,5.69
924,6.0
925,1.22
926,1.81
927,2.45
928,1.55
929,1.73
930,1.73
931,3.28
932,1.98
933,2.9
934,5.75
935,2.25
936,1.87
937,1.54
938,3.2
939,3.9
940,5.25
941,2.0
942,2.2
943,1.46
944,2.4
945,3.3
946,1.32
947,1.18
948,1.97
949,15.0
950,1.86
951,2.9
952,1.5
953,2.12
954,2.15
955,1.55
956,6.0
957,7.0
958,2.6
959,3.61
960,1.89
961,3.6
962,1.62
963,1.17
964,2.88
965,4.75
966,2.48
967,1.6
968,1.2
969,2.14
970,3.2
971,1.6
972,4.4
973,15.0
974,2.65
975,3.25
976,1.5
977,23.0
978,1.9
979,1.47
980,2.65
981,9.05
982,1.65
983,1.42
984,1.78
985,4.2
986,1.29
987,1.08
988,1.5
989,10.0
990,2.14
991,5.5
992,2.61
993,3.15
994,1.4
995,1.69
996,2.33
997,1.95
998,5.0
999,1.42
1000,2.7
1001,1.25
1002,11.5
1003,1.71
1004,3.25
1005,2.05
1006,1.7
1007,4.6
1008,1.32
1009,2.59
1010,3.3
1011,1.8
1012,1.56
1013,18.0
1014,3.3
1015,1.29
1016,1.33
1017,2.3
1018,7.5
1019,3.0
1020,1.09
1021,2.4
1022,2.72
1023,2.45
1024,1.95
1025,1.45
1026,2.7
1027,25.0
1028,2.75
1029,2.75
1030,1.7
1031,4.2
1032,2.66
1033,11.0
1034,2.35
1035,1.57
1036,1.44
1037,1.42
1038,12.0
1039,1.18
1040,21.0
1041,3.3
1042,1.91
1043,2.57
1044,2.45
1045,1.33
1046,1.31
1047,1.45
1048,2.2
1049,2.26
1050,1.55
1051,11.5
1052,1.27
1053,1.86
1054,1.71
1055,1.66
1056,6.5
1057,2.5
1058,1.35
1059,5.5
1060,2.01
1061,2.72
1062,1.78
1063,1.4
1064,1.78
1065,4.8
1066,12.01
1067,2.51
1068,2.12
1069,1.36
1070,11.14
1071,2.02
1072,4.01
1073,1.35
1074,2.45
1075,2.01
1076,1.48
1077,2.21
1078,1.27
1079,2.45
1080,1.39
1081,2.76
1082,3.94
1083,4.75
1084,2.0
1085,1.72
1086,7.51
1087,2.5
1088,2.5
1089,2.0
1090,2.2
1091,3.05
1092,3.5
1093,1.3
1094,2.43
1095,1.27
1096,10.0
1097,2.45
1098,1.85
1099,1.36
1100,2.22
1101,1.72
1102,4.3
1103,1.16
1104,5.5
1105,6.1
1106,2.45
1107,6.0
1108,2.85
1109,1.38
1110,2.9
1111,2.91
1112,9.54
1113,1.19
1114,3.06
1115,2.35
1116,1.91
1117,1.27
1118,1.7
1119,5.2
1120,2.81
1121,9.5
1122,2.87
1123,1.17
1124,2.21
1125,1.25
1126,5.65
1127,3.3
1128,1.91
1129,2.13
1130,1.87
1131,1.4
1132,11.73
1133,1.15
1134,2.06
1135,1.9
1136,2.23
1137,2.9
1138,4.0
1139,2.25
1140,1.25
1141,6.0
1142,2.41
1143,1.29
1144,2.25
1145,2.13
1146,13.0
1147,3.35
1148,2.22
1149,3.05
1150,2.85
1151,2.06
1152,1.75
1153,2.75
1154,2.47
1155,5.55
1156,2.6
1157,2.25
1158,1.55
1159,1.31
1160,2.54
1161,2.0
1162,2.22
1163,2.6
1164,9.5
1165,1.45
1166,1.3
1167,6.5
1168,2.2
1169,2.45
1170,2.87
1171,2.13
1172,2.2
1173,1.22
1174,2.33
1175,2.9
1176,1.3
1177,6.5
1178,19.0
1179,2.0
1180,2.75
1181,5.0
1182,5.55
1183,2.41
1184,1.23
1185,2.1
1186,1.2
1187,2.4
1188,1.21
1189,6.5
1190,2.52
1191,7.58
1192,1.27
1193,1.75
1194,1.9
1195,1.98
1196,5.3
1197,2.57
1198,3.16
1199,1.13
1200,2.63
1201,2.1
1202,2.73
1203,2.7
1204,2.75
1205,1.31
1206,7.5
1207,1.4
1208,3.5
1209,4.2
1210,2.4
1211,2.4
1212,9.0
1213,1.25
1214,1.3
1215,2.6
1216,2.12
1217,15.0
1218,1.27
1219,5.5
1220,1.29
1221,2.7
1222,1.42
1223,1.92
1224,1.59
1225,2.33
1226,1.81
1227,6.65
1228,6.5
1229,1.78
1230,2.6
1231,2.7
1232,7.25
1233,6.25
1234,4.75
1235,1.13
1236,1.65
1237,2.38
1238,3.4
1239,2.2
1240,2.85
1241,1.23
1242,2.57
1243,1.2
1244,1.3
1245,1.42
1246,2.62
1247,2.6
1248,15.0
1249,4.8
1250,2.45
1251,1.22
1252,2.6
1253,1.35
1254,1.4
1255,2.2
1256,1.75
1257,13.0
1258,5.39
1259,2.55
1260,7.6
1261,5.5
1262,1.7
1263,2.41
1264,1.21
1265,2.1
1266,12.5
1267,2.1
1268,2.8
1269,1.35
1270,1.33
1271,2.07
1272,2.75
1273,2.0
1274,1.33
1275,2.55
1276,2.2
1277,4.8
1278,3.2
1279,1.25
1280,1.52
1281,6.78
1282,7.5
1283,2.22
1284,1.9
1285,1.15
1286,2.1
1287,2.1
1288,5.75
1289,12.0
1290,12.0
1291,7.5
1292,3.11
1293,1.32
1294,3.11
1295,1.17
1296,2.25
1297,1.82
1298,2.3
1299,2.4
1300,1.35
1301,2.1
1302,2.42
1303,13.0
1304,1.84
1305,1.2
1306,2.66
1307,2.11
1308,2.2
1309,6.25
1310,2.33
1311,1.25
1312,2.27
1313,2.54
1314,2.2
1315,2.58
1316,3.4
1317,6.0
1318,4.81
1319,1.41
1320,2.2
1321,2.2
1322,3.0
1323,1.77
1324,1.26
1325,2.35
1326,2.02
1327,7.5
1328,2.38
1329,4.6
1330,2.6
1331,1.92
1332,1.25
1333,1.85
1334,2.65
1335,1.25
1336,2.22
1337,4.4
1338,1.65
1339,7.0
1340,1.33
1341,2.26
1342,2.6
1343,2.81
1344,2.85
1345,3.12
1346,2.35
1347,1.52
1348,6.5
1349,15.0
1350,1.91
1351,3.0
1352,1.22
1353,2.55
1354,2.9
1355,7.2
1356,10.5
1357,1.29
1358,1.8
1359,2.42
1360,2.71
1361,2.99
1362,1.35
1363,2.5
1364,2.53
1365,1.92
1366,4.33
1367,2.03
1368,1.95
1369,11.07
1370,2.43
1371,2.5
1372,1.6
1373,1.31
1374,2.74
1375,1.95
1376,2.76
1377,1.27
1378,4.75
1379,2.65
1380,2.78
1381,1.23
1382,3.4
1383,2.08
1384,6.7
1385,5.2
1386,4.75
1387,2.44
1388,3.03
1389,7.57
1390,1.6
1391,1.2
1392,2.38
1393,2.4
1394,2.31
1395,2.13
1396,2.64
1397,1.36
1398,1.94
1399,1.77
1400,7.6
1401,1.5
1402,11.04
1403,1.18
1404,4.8
1405,2.3
1406,3.0
1407,2.32
1408,2.75
1409,2.45
1410,8.5
1411,1.6
1412,2.32
1413,1.12
1414,3.15
1415,1.21
1416,3.79
1417,1.15
1418,1.21
1419,4.75
1420,2.28
1421,1.85
1422,6.05
1423,1.23
1424,1.43
1425,6.6
1426,9.0
1427,1.98
1428,1.35
1429,2.45
1430,2.55
1431,2.1
1432,3.3
1433,4.5
1434,1.3
1435,2.4
1436,1.88
1437,2.5
1438,5.0
1439,1.71
1440,1.62
1441,7.12
1442,3.0
1443,5.63
1444,1.86
1445,1.51
1446,5.75
1447,3.13
1448,2.64
1449,2.03
1450,1.3
1451,2.4
1452,1.77
1453,8.5
1454,1.78
1455,1.65
1456,2.5
1457,5.5
1458,1.33
1459,2.63
1460,1.63
1461,2.1
1462,2.5
1463,1.7
1464,2.4
1465,2.38
1466,4.8
1467,1.95
1468,6.0
1469,3.8
1470,2.33
1471,1.7
1472,6.5
1473,1.6
1474,1.35
1475,2.9
1476,2.1
1477,1.73
1478,1.39
1479,6.4
1480,2.46
1481,3.79
1482,1.27
1483,1.76
1484,4.1
1485,2.4
1486,2.95
1487,9.5
1488,2.9
1489,3.09
1490,1.77
1491,7.68
1492,2.55
1493,8.44
1494,2.42
1495,2.3
1496,10.17
1497,2.3
1498,1.41
1499,3.35
1500,1.32
1501,1.9
1502,1.63
1503,2.2
1504,1.56
1505,2.1
1506,5.65
1507,2.33
1508,1.44
1509,2.27
1510,1.31
1511,4.2
1512,6.5
1513,3.16
1514,2.1
1515,1.33
1516,2.4
1517,1.75
1518,2.27
1519,1.54
1520,5.5
1521,1.25
1522,2.6
1523,9.0
1524,1.68
1525,1.81
1526,8.5
1527,1.86
1528,3.3
1529,2.16
1530,1.7
1531,3.5
1532,1.64
1533,1.27
1534,2.05
1535,2.03
1536,5.75
1537,1.85
1538,1.37
1539,5.3
1540,6.6
1541,1.63
1542,2.72
1543,3.8
1544,2.33
1545,2.2
1546,1.65
1547,2.91
1548,7.05
1549,2.04
1550,10.5
1551,1.8
1552,3.3
1553,1.94
1554,1.21
1555,2.7
1556,1.47
1557,1.52
1558,2.24
1559,2.45
1560,3.58
1561,2.2
1562,1.7
1563,3.4
1564,1.39
1565,2.21
1566,5.1
1567,5.0
1568,3.8
1569,1.85
1570,1.41
1571,3.5
1572,3.5
1573,5.28
1574,2.23
1575,3.15
1576,1.32
1577,1.35
1578,2.25
1579,1.76
1580,2.55
1581,4.36
1582,5.56
1583,1.3
1584,6.48
1585,3.3
1586,10.5
1587,1.27
1588,2.1
1589,1.71
1590,6.5
1591,2.15
1592,2.67
1593,2.7
1594,5.75
1595,1.72
1596,3.05
1597,2.25
1598,1.25
1599,4.3
1600,1.4
1601,3.1
1602,1.42
1603,11.5
1604,2.64
1605,1.25
1606,2.75
1607,2.57
1608,1.34
1609,3.01
1610,4.36
1611,2.45
1612,1.31
1613,2.14
1614,2.45
1615,1.29
1616,1.81
1617,2.95
1618,1.36
1619,6.0
1620,2.32
1621,1.2
1622,2.85
1623,11.0
1624,1.8
1625,6.0
1626,5.0
1627,1.86
1628,2.0
1629,3.15
1630,3.75
1631,3.35
1632,6.2
1633,3.12
1634,7.0
1635,1.38
1636,2.56
1637,2.46
1638,4.6
1639,2.22
1640,1.9
1641,3.3
1642,1.25
1643,2.18
1644,2.58
1645,6.25
1646,1.72
1647,1.22
1648,1.2
1649,2.0
1650,1.26
1651,2.18
1652,2.94
1653,2.7
1654,2.77
1655,10.0
1656,3.4
1657,1.2
1658,2.9
1659,6.0
1660,2.1
1661,1.75
1662,1.79
1663,8.0
1664,1.92
1665,1.3
1666,2.18
1667,2.41
1668,5.95
1669,1.25
1670,1.31
1671,2.35
1672,1.27
1673,3.9
1674,2.19
1675,3.95
1676,2.33
1677,9.11
1678,2.52
1679,7.53
1680,1.28
1681,2.16
1682,1.45
1683,2.25
1684,2.68
1685,2.11
1686,1.45
1687,6.0
1688,1.91
1689,2.2
1690,1.28
1691,2.06
1692,2.11
1693,3.7
1694,2.28
1695,12.0
1696,1.7
1697,6.2
1698,1.27
1699,2.7
1700,1.7
1701,2.64
1702,1.26
1703,2.3
1704,2.0
1705,1.54
1706,6.74
1707,2.62
1708,5.5
1709,2.38
1710,2.03
1711,6.3
1712,1.75
1713,6.07
1714,1.31
1715,2.56
1716,2.1
1717,1.75
1718,1.4
1719,1.69
1720,1.91
1721,3.25
1722,2.06
1723,2.55
1724,1.5
1725,1.61
1726,2.56
1727,1.43
1728,2.45
1729,2.2
1730,1.43
1731,1.91
1732,5.35
1733,6.74
1734,1.22
1735,2.5
1736,4.4
1737,1.3
1738,3.2
1739,2.17
1740,1.79
1741,11.0
1742,5.0
1743,1.84
1744,1.48
1745,5.0
1746,2.04
1747,3.36
1748,1.3
1749,2.58
1750,2.82
1751,4.5
1752,7.0
1753,1.93
1754,1.95
1755,2.26
1756,3.5
1757,6.25
1758,1.51
1759,1.5
1760,1.64
1761,5.8
1762,2.3
1763,1.94
1764,1.85
1765,1.72
1766,2.16
1767,3.05
1768,2.6
1769,3.9
1770,1.43
1771,13.0
1772,1.95
1773,6.62
1774,9.4
1775,2.25
1776,2.31
1777,1.51
1778,1.61
1779,1.3
1780,2.82
1781,2.1
1782,1.62
1783,1.19
1784,3.75
1785,1.5
1786,10.0
1787,2.0
1788,1.28
1789,4.1
1790,4.8
1791,4.25
1792,2.11
1793,1.85
1794,5.62
1795,1.33
1796,1.12
1797,1.15
1798,2.76
1799,4.5
1800,1.45
1801,2.45
1802,1.2
1803,7.0
1804,2.0
1805,1.15
1806,2.6
1807,1.8
1808,2.1
1809,13.0
1810,2.1
1811,1.43
1812,1.75
1813,2.03
1814,1.71
1815,2.63
1816,1.33
1817,2.88
1818,3.51
1819,6.5
1820,6.0
1821,2.1
1822,2.6
1823,2.01
1824,1.84
1825,2.4
1826,2.35
1827,5.5
1828,2.17
1829,1.5
1830,1.9
1831,2.8
1832,1.4
1833,2.4
1834,4.1
1835,2.41
1836,5.0
1837,2.8
1838,6.5
1839,1.8
1840,1.95
1841,2.25
1842,1.4
1843,1.4
1844,1.25
1845,6.25
1846,2.0
1847,2.0
1848,2.07
1849,3.7
1850,1.3
1851,6.0
1852,4.11
1853,2.0
1854,2.41
1855,2.77
1856,3.24
1857,1.95
1858,4.41
1859,2.27
1860,2.33
1861,1.75
1862,2.5
1863,1.29
1864,2.55
1865,2.5
1866,2.34
1867,1.68
1868,3.25
1869,2.02
1870,4.56
1871,1.56
1872,1.24
1873,6.1
1874,2.2
1875,2.6
1876,4.3
1877,2.3
1878,2.7
1879,3.1
1880,2.55
1881,2.15
1882,1.87
1883,1.87
1884,1.26
1885,2.3
1886,3.2
1887,2.1
1888,2.8
1889,2.88
1890,1.37
1891,2.05
1892,3.3
1893,1.36
1894,1.8
1895,2.5
1896,6.5
1897,2.1
1898,2.62
1899,2.1
1900,1.45
1901,3.11
1902,2.3
1903,2.1
1904,2.2
1905,4.01
1906,3.59
1907,2.1
1908,2.7
1909,2.63
1910,2.13
1911,4.07
1912,1.31
1913,2.5
1914,5.3
1915,2.7
1916,2.9
1917,1.53
1918,1.58
1919,1.45
1920,2.25
1921,1.88
1922,1.36
1923,2.55
1924,4.0
1925,5.05
1926,2.62
1927,1.75
1928,8.15
1929,1.7
1930,1.45
1931,1.62
1932,1.7
1933,2.9
1934,1.65
1935,1.95
1936,4.6
1937,7.0
1938,1.6
1939,1.65
1940,2.8
1941,3.0
1942,1.75
1943,3.3
1944,1.6
1945,3.25
1946,1.5
1947,6.1
1948,2.6
1949,2.1
1950,1.29
1951,1.39
1952,1.46
1953,1.53
1954,5.5
1955,2.8
1956,2.21
1957,4.8
1958,6.0
1959,2.1
1960,3.5
1961,2.6
1962,1.33
1963,3.0
1964,2.9
1965,2.66
1966,7.0
1967,1.45
1968,1.4
1969,3.4
1970,1.33
1971,2.1
1972,1.5
1973,2.05
1974,2.71
1975,2.51
1976,2.64
1977,2.15
1978,4.3
1979,2.5
1980,2.7
1981,2.5
1982,1.54
1983,2.0
1984,1.23
1985,3.4
1986,3.8
1987,3.4
1988,2.05
1989,1.48
1990,1.47
1991,2.14
1992,2.0
1993,2.65
1994,2.1
1995,3.92
1996,2.25
1997,3.6
1998,4.4
1999,5.6
2000,1.3
2001,2.0
2002,1.57
2003,3.25
2004,2.51
2005,5.2
2006,2.85
2007,4.1
2008,3.98
2009,2.82
2010,3.25
2011,2.1
2012,5.25
2013,1.49
2014,2.95
2015,1.53
2016,2.05
2017,2.05
2018,1.83
2019,1.8
2020,3.75
2021,1.95
2022,1.83
2023,1.41
2024,2.62
2025,1.8
2026,1.4
2027,2.5
2028,4.33
2029,2.5
2030,3.63
2031,2.1
2032,1.95
2033,4.35
2034,3.07
2035,2.1
2036,2.2
2037,5.4
2038,2.2
2039,1.75
2040,1.83
2041,2.5
2042,2.65
2043,1.75
2044,4.8
2045,8.0
2046,2.7
2047,1.95
2048,1.72
2049,4.4
2050,2.45
2051,1.5
2052,1.63
2053,2.25
2054,1.8
2055,2.75
2056,2.3
2057,1.54
2058,4.0
2059,2.2
2060,2.15
2061,1.5
2062,2.3
2063,1.6
2064,2.6
2065,5.5
2066,3.25
2067,1.8
2068,5.04
2069,2.1
2070,1.59
2071,2.96
2072,1.71
2073,2.45
2074,2.85
2075,1.89
2076,1.5
2077,3.4
2078,4.7
2079,2.97
2080,1.77
2081,5.7
2082,2.55
2083,1.4
2084,2.7
2085,1.69
2086,2.05
2087,4.1
2088,1.53
2089,1.8
2090,1.24
2091,2.74
2092,1.65
2093,2.05
2094,2.5
2095,3.01
2096,3.8
2097,4.33
2098,2.0
2099,6.75
2100,2.75
2101,7.75
2102,1.67
2103,1.78
2104,3.1
2105,2.77
2106,1.73
2107,2.5
2108,2.33
2109,1.87
2110,2.2
2111,2.75
2112,1.57
2113,1.38
2114,6.6
2115,3.75
2116,2.6
2117,2.25
2118,2.25
2119,2.15
2120,2.0
2121,2.3
2122,2.13
2123,3.64
2124,2.15
2125,1.37
2126,1.6
2127,4.0
2128,3.5
2129,3.93
2130,1.65
2131,3.6
2132,2.1
2133,2.95
2134,2.75
2135,2.75
2136,1.26
2137,2.38
2138,2.4
2139,2.4
2140,1.37
2141,3.71
2142,2.0
2143,5.0
2144,6.29
2145,1.75
2146,1.57
2147,1.65
2148,1.29
2149,7.5
2150,3.1
2151,1.62
2152,1.33
2153,1.8
2154,5.0
2155,1.25
2156,1.29
2157,2.05
2158,2.05
2159,2.75
2160,1.75
2161,4.1
2162,2.15
2163,2.8
2164,3.15
2165,2.75
2166,6.0
2167,1.96
2168,2.11
2169,1.93
2170,4.75
2171,3.02
2172,1.47
2173,1.54
2174,2.56
2175,2.05
2176,3.1
2177,2.05
2178,1.87
2179,1.8
2180,1.2
2181,2.35
2182,1.85
2183,4.6
2184,1.4
2185,3.5
2186,7.0
2187,2.2
2188,2.5
2189,1.72
2190,1.3
2191,3.3
2192,1.38
2193,2.6
2194,2.0
2195,2.3
2196,4.05
2197,1.38
2198,5.97
2199,11.0
2200,2.65
2201,1.24
2202,2.52
2203,2.82
2204,1.95
2205,1.7
2206,2.6
2207,5.25
2208,1.51
2209,1.88
2210,6.54
2211,3.84
2212,1.21
2213,1.77
2214,2.51
2215,1.91
2216,2.9
2217,2.38
2218,4.75
2219,2.74
2220,3.05
2221,1.33
2222,2.3
2223,1.33
2224,1.9
2225,2.16
2226,3.84
2227,3.74
2228,1.33
2229,2.31
2230,5.0
2231,2.61
2232,2.27
2233,2.88
2234,2.61
2235,4.7
2236,1.45
2237,6.0
2238,2.46
2239,1.54
2240,1.81
2241,1.26
2242,2.72
2243,7.0
2244,2.01
2245,1.43
2246,1.51
2247,3.0
2248,2.04
2249,2.16
2250,8.05
2251,2.2
2252,1.82
2253,1.46
2254,2.6
2255,1.93
2256,1.7
2257,1.7
2258,2.25
2259,1.95
2260,1.45
2261,2.88
2262,8.9
2263,1.65
2264,1.5
2265,2.28
2266,1.65
2267,6.5
2268,2.55
2269,5.2
2270,1.47
2271,1.65
2272,5.5
2273,1.95
2274,1.94
2275,6.7
2276,4.8
2277,3.0
2278,1.8
2279,2.4
2280,1.3
2281,1.19
2282,1.76
2283,4.1
2284,2.38
2285,3.85
2286,2.45
2287,3.9
2288,1.95
2289,2.15
2290,2.6
2291,3.5
2292,1.35
2293,7.6
2294,1.5
2295,1.76
2296,4.1
2297,3.75
2298,1.73
2299,2.4
2300,2.3
2301,1.26
2302,1.91
2303,2.25
2304,1.43
2305,1.91
2306,1.74
2307,4.7
2308,3.72
2309,5.54
2310,2.23
2311,1.77
2312,1.36
2313,2.4
2314,10.2
2315,1.85
2316,4.8
2317,2.25
2318,3.25
2319,2.38
2320,2.9
2321,2.15
2322,3.85
2323,1.5
2324,1.8
2325,2.55
2326,1.83
2327,1.45
2328,1.56
2329,7.7
2330,2.5
2331,1.6
2332,1.57
2333,7.5
2334,2.12
2335,4.2
2336,1.65
2337,2.45
2338,2.45
2339,2.9
2340,1.48
2341,5.55
2342,1.2
2343,2.65
2344,7.5
2345,3.0
2346,2.3
2347,1.88
2348,2.6
2349,1.5
2350,6.6
2351,3.2
2352,1.32
2353,2.5
2354,2.5
2355,1.54
2356,1.77
2357,2.9
2358,2.14
2359,6.6
2360,1.31
2361,4.95
2362,1.36
2363,3.9
2364,1.85
2365,4.05
2366,1.43
2367,2.11
2368,1.8
2369,7.0
2370,2.4
2371,2.31
2372,1.19
2373,3.0
2374,2.48
2375,5.01
2376,1.95
2377,3.4
2378,3.6
2379,1.73
2380,2.45
2381,3.5
2382,1.44
2383,1.27
2384,1.85
2385,3.1
2386,3.0
2387,4.25
2388,5.0
2389,1.91
2390,2.25
2391,1.24
2392,3.75
2393,4.55
2394,2.3
2395,4.55
2396,2.3
2397,2.1
2398,1.5
2399,1.88
2400,5.0
2401,2.6
2402,2.68
2403,3.4
2404,6.4
2405,7.3
2406,1.65
2407,1.83
2408,1.8
2409,1.88
2410,2.21
2411,2.85
2412,2.73
2413,1.7
2414,1.38
2415,1.7
2416,2.28
2417,3.0
2418,1.29
2419,1.65
2420,11.0
2421,3.41
2422,2.45
2423,1.22
2424,4.75
2425,1.95
2426,3.3
2427,2.65
2428,2.34
2429,4.33
2430,1.31
2431,2.39
2432,1.95
2433,1.96
2434,1.36
2435,2.4
2436,1.33
2437,1.77
2438,5.9
2439,2.55
2440,2.75
2441,1.22
2442,5.0
2443,2.11
2444,1.31
2445,2.75
2446,4.4
2447,1.88
2448,2.63
2449,1.85
2450,2.7
2451,1.4
2452,2.0
2453,2.03
2454,3.52
2455,2.16
2456,1.59
2457,3.2
2458,2.9
2459,2.25
2460,1.75
2461,1.4
2462,1.29
2463,4.2
2464,7.0
2465,2.55
2466,1.8
2467,6.3
2468,5.0
2469,1.44
2470,8.0
2471,1.85
2472,2.26
2473,2.42
2474,2.4
2475,1.63
2476,1.88
2477,1.95
2478,4.24
2479,2.55
2480,1.34
2481,6.25
2482,1.5
2483,2.2
2484,1.62
2485,1.95
2486,9.0
2487,2.3
2488,3.6
2489,1.9
2490,1.31
2491,2.75
2492,2.4
2493,1.4
2494,2.0
2495,1.8
2496,3.65
2497,2.62
2498,6.0
2499,2.15
2500,7.2
2501,1.55
2502,3.0
2503,2.52
2504,1.65
2505,2.33
2506,2.33
2507,2.74
2508,9.7
2509,1.45
2510,2.2
2511,1.95
2512,1.76
2513,2.2
2514,3.58
2515,1.29
2516,3.42
2517,2.63
2518,2.1
2519,1.3
2520,2.5
2521,2.4
2522,2.15
2523,1.95
2524,4.33
2525,2.5
2526,3.8
2527,4.55
2528,6.1
2529,2.8
2530,2.0
2531,1.4
2532,1.38
2533,4.2
2534,2.38
2535,2.29
2536,1.36
2537,3.8
2538,5.6
2539,1.95
2540,4.75
2541,1.95
2542,1.95
2543,2.63
2544,2.62
2545,2.97
2546,2.11
2547,1.23
2548,1.35
2549,2.8
2550,1.5
2551,3.1
2552,1.8
2553,2.83
2554,1.83
2555,3.0
2556,2.52
2557,5.03
2558,4.21
2559,1.35
2560,1.43
2561,2.13
2562,1.36
2563,2.3
2564,2.4
2565,3.28
2566,1.65
2567,1.6
2568,1.83
2569,3.64
2570,
